f=[0 14/22.05 14/22.05 1];
mLow = [1, 1, 0, 0];
B=fir2(8,f,mLow);