f=[0 14/22.05*1.5 14/22.05*1.5 1];
mLow = [1, 1, 0, 0];
B0=fir2(8,f,mLow);